nds_id	link_name_chn	link_length	road_class	link_type	xy	dir
5127159798864805911	G42沪蓉高速	712	41000	0	LINESTRING(111.855712 30.778960,111.856490 30.779126,111.857815 30.779427,111.860062 30.780001,111.861463 30.780403,111.862793 30.780805,111.862825 30.780816)	0
5127158308511154229	G42沪蓉高速	697	41000	0	LINESTRING(111.748536 30.761654,111.749507 30.761595,111.750687 30.761536,111.751562 30.761515,111.752930 30.761504,111.753150 30.761504,111.754582 30.761531,111.755810 30.761574)	0
5127156852517240839	G42沪蓉高速	1161	41000	0	LINESTRING(111.767923 30.761901,111.767183 30.761944,111.766008 30.761998,111.764179 30.762051,111.762816 30.762051,111.761121 30.762008,111.760215 30.761976,111.759324 30.761923,111.756760 30.761724,111.756663 30.761719,111.755810 30.761670)	2
5127158244086644898	G42沪蓉高速	63	41000	0	LINESTRING(111.627225 30.746790,111.627869 30.746902)	0
5127156839632338958	G42沪蓉高速	127	41000	0	LINESTRING(111.742780 30.762041,111.741450 30.762030)	2
5127158256971546624	G42沪蓉高速	150	41000	0	LINESTRING(111.702590 30.751070,111.704103 30.751441)	0
5127158244086644737	G42沪蓉高速	83	41000	0	LINESTRING(111.630599 30.747605,111.629757 30.747401)	2
5127158055108083725	G42沪蓉高速	517	41000	0	LINESTRING(111.591600 30.741779,111.592276 30.741881,111.593161 30.741994,111.594384 30.742133,111.595554 30.742251,111.596949 30.742428)	0
5127158244086644762	G42沪蓉高速	188	41000	0	LINESTRING(111.629757 30.747401,111.627842 30.746999)	2
5127158265561481221	G42沪蓉高速	100	41000	0	LINESTRING(111.700509 30.750706,111.699484 30.750502)	2
5127159798864806135	G42沪蓉高速	77	41000	0	LINESTRING(111.848019 30.777844,111.847225 30.777742)	2
5127158308511154178	G42沪蓉高速	29	41000	0	LINESTRING(111.736906 30.761681,111.737207 30.761708)	0
5127156839632338999	G42沪蓉高速	341	41000	0	LINESTRING(111.741450 30.762030,111.739846 30.761982,111.737893 30.761858)	2
5127158244086644765	G42沪蓉高速	2717	41000	0	LINESTRING(111.627842 30.746999,111.626539 30.746763,111.625873 30.746661,111.624607 30.746495,111.623567 30.746387,111.622419 30.746285,111.621357 30.746216,111.621094 30.746205,111.619061 30.746146,111.618320 30.746130,111.617505 30.746087,111.615316 30.745942,111.614496 30.745867,111.612597 30.745663,111.611320 30.745486,111.609882 30.745271,111.608498 30.745025,111.606186 30.744542,111.604807 30.744215,111.602560 30.743625,111.601261 30.743319,111.599931 30.743034)	2
5127158248381612040	G42沪蓉高速	143	41000	0	LINESTRING(111.659482 30.749751,111.658634 30.749729,111.657985 30.749719)	2
5127156839632339000	G42沪蓉高速	3095	41000	0	LINESTRING(111.737078 30.761794,111.736284 30.761719,111.735474 30.761633,111.734020 30.761445,111.731611 30.761043,111.730957 30.760919,111.729814 30.760700,111.727320 30.760088,111.725673 30.759637,111.723758 30.759031,111.721457 30.758221,111.720121 30.757685,111.719059 30.757245,111.718077 30.756810,111.716028 30.755839,111.714885 30.755314,111.712986 30.754504,111.710680 30.753602,111.708984 30.753007,111.708641 30.752889,111.707831 30.752626,111.706887 30.752331)	2
5127158248381612057	G42沪蓉高速	174	41000	0	LINESTRING(111.654519 30.749810,111.653109 30.749890,111.652701 30.749901)	2
5127158248381612046	G42沪蓉高速	1181	41000	0	LINESTRING(111.645625 30.749922,111.643608 30.749804,111.643066 30.749756,111.641618 30.749617,111.640148 30.749450,111.638399 30.749209,111.637504 30.749075,111.635465 30.748710,111.633448 30.748297)	2
5127159777389969408	沮河大桥	783	41000	3	LINESTRING(111.870282 30.783761,111.870121 30.783691,111.870019 30.783648,111.868334 30.782924,111.867106 30.782436,111.865824 30.781943,111.864869 30.781605,111.862798 30.780913)	2
5127156839632338956	G42沪蓉高速	251	41000	0	LINESTRING(111.745409 30.761971,111.743751 30.762025,111.742780 30.762041)	2
5127158059403051074	G42沪蓉高速	2656	41000	0	LINESTRING(111.599942 30.742943,111.601278 30.743228,111.602774 30.743576,111.604834 30.744118,111.606824 30.744585,111.608729 30.744971,111.609904 30.745180,111.611041 30.745352,111.612613 30.745572,111.613466 30.745674,111.614635 30.745792,111.615885 30.745899,111.616985 30.745969,111.618749 30.746049,111.620986 30.746108,111.621094 30.746114,111.623009 30.746242,111.624436 30.746377,111.625594 30.746537,111.627225 30.746790)	0
5127158248381612048	G42沪蓉高速	359	41000	0	LINESTRING(111.650024 30.749981,111.647428 30.749987,111.646269 30.749955)	2
5127158248381612042	G42沪蓉高速	420	41000	0	LINESTRING(111.659423 30.749649,111.661525 30.749740,111.663800 30.749922)	0
5127158248381612051	严河中桥	61	41000	3	LINESTRING(111.650019 30.749901,111.650662 30.749885)	0
5127159803159773236	G42沪蓉高速	1173	41000	0	LINESTRING(111.870330 30.783675,111.870368 30.783691,111.871918 30.784410,111.873527 30.785204,111.874552 30.785741,111.875839 30.786449,111.877556 30.787441,111.879187 30.788482,111.880614 30.789410)	0
5127158265561481220	G42沪蓉高速	346	41000	0	LINESTRING(111.699484 30.750502,111.698905 30.750400,111.697129 30.750094,111.695927 30.749922)	2
5127158321396056108	G42沪蓉高速	645	41000	0	LINESTRING(111.755810 30.761670,111.754383 30.761617,111.753150 30.761595,111.752930 30.761595,111.751401 30.761611,111.749781 30.761670,111.749073 30.761713)	2
5127156839632339154	G42沪蓉高速	53	41000	0	LINESTRING(111.740870 30.761923,111.741428 30.761933)	0
5127158256971546643	G42沪蓉高速	282	41000	0	LINESTRING(111.706887 30.752331,111.706114 30.752095,111.704081 30.751532)	2
5127158265561481217	G42沪蓉高速	1775	41000	0	LINESTRING(111.695927 30.749922,111.694860 30.749783,111.693036 30.749579,111.691829 30.749477,111.690375 30.749370,111.688895 30.749300,111.687012 30.749246,111.686845 30.749246,111.684726 30.749252,111.682575 30.749322,111.681427 30.749381,111.679807 30.749504,111.677452 30.749740)	2
5127158256971546628	G42沪蓉高速	151	41000	0	LINESTRING(111.704081 30.751532,111.702558 30.751156)	2
5127158261266513925	G42沪蓉高速	445	41000	0	LINESTRING(111.665715 30.750105,111.666911 30.750191,111.668043 30.750239,111.669481 30.750266,111.670361 30.750260)	0
5127156839632338959	G42沪蓉高速	137	41000	0	LINESTRING(111.741428 30.761933,111.742861 30.761949)	0
5127158248381612166	G42沪蓉高速	123	41000	0	LINESTRING(111.650662 30.749885,111.651950 30.749847)	0
5127158248381612056	G42沪蓉高速	195	41000	0	LINESTRING(111.652701 30.749901,111.650662 30.749965)	2
5127158265561481219	G42沪蓉高速	186	41000	0	LINESTRING(111.700707 30.750652,111.701088 30.750732,111.702231 30.750990,111.702590 30.751070)	0
5127159785979904036	G42沪蓉高速	920	41000	0	LINESTRING(111.836797 30.776213,111.838261 30.776455,111.839442 30.776621,111.840820 30.776798,111.845691 30.777442,111.846292 30.777517)	0
5127159803159773248	G42沪蓉高速	315	41000	0	LINESTRING(111.862798 30.780913,111.861066 30.780387,111.859676 30.780001)	2
5127158244086644749	G42沪蓉高速	10	41000	0	LINESTRING(111.630599 30.747492,111.630707 30.747519)	0
5127158080877887489	G42沪蓉高速	599	41000	0	LINESTRING(111.581601 30.739483,111.582454 30.739746,111.583114 30.739934,111.584744 30.740379,111.586102 30.740717,111.587582 30.741060)	0
5127158244086644742	G42沪蓉高速	223	41000	0	LINESTRING(111.631227 30.747653,111.631699 30.747771,111.633475 30.748195)	0
5127158248381612050	G42沪蓉高速	346	41000	0	LINESTRING(111.646403 30.749858,111.648356 30.749901,111.650019 30.749901)	0
5127159777389969425	G42沪蓉高速	94	41000	0	LINESTRING(111.881386 30.790075,111.880614 30.789544)	2
5127158248381612037	G42沪蓉高速	332	41000	0	LINESTRING(111.657985 30.749719,111.656236 30.749745,111.654519 30.749810)	2
5127159798864805905	G42沪蓉高速	156	41000	0	LINESTRING(111.849913 30.778096,111.848298 30.777882)	2
5127156852517240838	G42沪蓉高速	180	41000	3	LINESTRING(111.769795 30.761746,111.767923 30.761901)	2
5127158244086644896	G42沪蓉高速	172	41000	0	LINESTRING(111.633448 30.748297,111.632783 30.748147,111.631710 30.747884)	2
5127158248381612053	G42沪蓉高速	200	41000	0	LINESTRING(111.652631 30.749820,111.654713 30.749708)	0
5127158321396056069	G42沪蓉高速	1159	41000	0	LINESTRING(111.755810 30.761574,111.756594 30.761617,111.757929 30.761719,111.759335 30.761821,111.761105 30.761907,111.762961 30.761944,111.764179 30.761944,111.765386 30.761917,111.767156 30.761842,111.767907 30.761794)	0
5127156839632339153	G42沪蓉高速	292	41000	0	LINESTRING(111.745495 30.761869,111.746267 30.761831,111.747785 30.761719,111.748536 30.761654)	0
5127158321396056064	G42沪蓉高速	696	41000	0	LINESTRING(111.755810 30.761670,111.754383 30.761617,111.753150 30.761595,111.752930 30.761595,111.751910 30.761601,111.750720 30.761633,111.749368 30.761697,111.749030 30.761719,111.748547 30.761751)	2
5127158055108083730	G42沪蓉高速	112	41000	3	LINESTRING(111.598794 30.742723,111.599121 30.742788,111.599942 30.742943)	0
5127158261266513921	汪家冲大桥	684	41000	3	LINESTRING(111.677452 30.749740,111.675854 30.749944,111.674100 30.750142,111.673488 30.750201,111.672302 30.750276,111.670344 30.750362)	2
5127159777389969414	G42沪蓉高速	1180	41000	0	LINESTRING(111.880614 30.789544,111.879203 30.788594,111.878183 30.787956,111.877223 30.787377,111.875249 30.786245,111.873956 30.785542,111.872594 30.784850,111.871880 30.784507,111.870282 30.783761)	2
5127158055108083729	G42沪蓉高速	179	41000	0	LINESTRING(111.596949 30.742428,111.598794 30.742723)	0
5127158248381612036	G42沪蓉高速	329	41000	0	LINESTRING(111.654713 30.749708,111.656435 30.749643,111.658151 30.749622)	0
5127158308511154230	G42沪蓉高速	50	41000	0	LINESTRING(111.749073 30.761713,111.748987 30.761719,111.748810 30.761729,111.748547 30.761751)	2
5127159798864806136	G42沪蓉高速	26	41000	0	LINESTRING(111.848298 30.777882,111.848019 30.777844)	2
5127159803159773185	沮河大桥	785	41000	3	LINESTRING(111.862825 30.780816,111.863823 30.781138,111.864912 30.781519,111.866693 30.782163,111.867567 30.782506,111.868817 30.783010,111.870067 30.783557,111.870330 30.783675)	0
5127158261266513924	G42沪蓉高速	432	41000	0	LINESTRING(111.670344 30.750362,111.668960 30.750362,111.668086 30.750346,111.666863 30.750293,111.665833 30.750223)	2
5127156839632339155	G42沪蓉高速	299	41000	0	LINESTRING(111.737754 30.761756,111.738988 30.761842,111.740870 30.761923)	0
5127158055108083735	G42沪蓉高速	600	41000	0	LINESTRING(111.587561 30.741146,111.586080 30.740814,111.585211 30.740610,111.583081 30.740030,111.582105 30.739746,111.581563 30.739585)	2
5127158248381612043	G42沪蓉高速	388	41000	0	LINESTRING(111.663526 30.750008,111.662174 30.749885,111.661461 30.749831,111.660168 30.749767,111.659482 30.749751)	2
5127159777389969423	G42沪蓉高速	111	41000	0	LINESTRING(111.880614 30.789410,111.881526 30.790038)	0
5127158261266513920	汪家冲大桥	682	41000	3	LINESTRING(111.670361 30.750260,111.671594 30.750223,111.672276 30.750191,111.673810 30.750078,111.675816 30.749858,111.677442 30.749643)	0
5127158261266513969	G42沪蓉高速	90	41000	0	LINESTRING(111.666772 30.750287,111.666300 30.750255,111.665833 30.750223)	2
5127158308511154179	G42沪蓉高速	52	41000	0	LINESTRING(111.737207 30.761708,111.737330 30.761719,111.737754 30.761756)	0
5127159798864805909	G42沪蓉高速	344	41000	0	LINESTRING(111.855669 30.779051,111.853641 30.778660,111.852145 30.778413)	2
5127159798864805933	G42沪蓉高速	33	41000	0	LINESTRING(111.846292 30.777517,111.846641 30.777565)	0
5127158055108083728	G42沪蓉高速	115	41000	0	LINESTRING(111.598767 30.742820,111.597582 30.742632)	2
5127158248381612058	G42沪蓉高速	184	41000	0	LINESTRING(111.663800 30.749922,111.664755 30.750019,111.665039 30.750046,111.665715 30.750105)	0
5127158265561481218	G42沪蓉高速	199	41000	0	LINESTRING(111.698674 30.750260,111.700707 30.750652)	0
5127159798864805906	G42沪蓉高速	183	41000	0	LINESTRING(111.848052 30.777737,111.849945 30.777994)	0
5127158059403051021	G42沪蓉高速	114	41000	3	LINESTRING(111.599931 30.743034,111.599121 30.742884,111.598767 30.742820)	2
5127159777389969426	G42沪蓉高速	31	41000	0	LINESTRING(111.881638 30.790252,111.881386 30.790075)	2
5127158055108083830	G42沪蓉高速	65	41000	0	LINESTRING(111.598257 30.742739,111.597582 30.742632)	2
5127158244086644895	G42沪蓉高速	52	41000	0	LINESTRING(111.631710 30.747884,111.631184 30.747755)	2
5127158055108083829	G42沪蓉高速	49	41000	0	LINESTRING(111.598767 30.742820,111.598257 30.742739)	2
5127158244086644743	G42沪蓉高速	224	41000	0	LINESTRING(111.633448 30.748297,111.632783 30.748147,111.631184 30.747755)	2
5127158055108083827	G42沪蓉高速	148	41000	0	LINESTRING(111.589492 30.741436,111.590098 30.741543,111.591015 30.741693)	0
5127158080877887488	G42沪蓉高速	396	41000	0	LINESTRING(111.577545 30.738164,111.577148 30.737997,111.575603 30.737359,111.573839 30.736570)	2
5127158244086644736	G42沪蓉高速	37	41000	0	LINESTRING(111.630219 30.747401,111.630599 30.747492)	0
5127158244086644814	G42沪蓉高速	1191	41000	0	LINESTRING(111.633475 30.748195,111.635132 30.748549,111.637278 30.748941,111.638507 30.749134,111.640958 30.749445,111.642584 30.749617,111.643066 30.749654,111.643683 30.749702,111.645749 30.749831)	0
5127158261266513923	G42沪蓉高速	1780	41000	0	LINESTRING(111.677442 30.749643,111.679856 30.749397,111.682575 30.749225,111.683868 30.749171,111.684861 30.749150,111.686352 30.749145,111.687012 30.749150,111.687350 30.749155,111.690118 30.749257,111.691856 30.749381,111.693771 30.749558,111.695965 30.749831)	0
5127159798864805931	G42沪蓉高速	76	41000	0	LINESTRING(111.847258 30.777646,111.848052 30.777737)	0
5127159798864806148	G42沪蓉高速	107	41000	0	LINESTRING(111.856758 30.779287,111.855669 30.779051)	2
5127158055108083734	G42沪蓉高速	187	41000	3	LINESTRING(111.587582 30.741060,111.588237 30.741194,111.589192 30.741382,111.589492 30.741436)	0
5127158055108083731	G42沪蓉高速	260	41000	0	LINESTRING(111.592147 30.741962,111.591407 30.741849,111.590071 30.741624,111.589476 30.741527)	2
5127158055108083828	G42沪蓉高速	57	41000	0	LINESTRING(111.591015 30.741693,111.591600 30.741779)	0
5127159798864805927	G42沪蓉高速	33	41000	0	LINESTRING(111.846603 30.777656,111.846260 30.777614)	2
5127159798864805930	G42沪蓉高速	60	41000	0	LINESTRING(111.847225 30.777742,111.846603 30.777656)	2
5127159798864805991	G42沪蓉高速	7637	41000	0	LINESTRING(111.846260 30.777614,111.845659 30.777533,111.840820 30.776900,111.838948 30.776648,111.836196 30.776208,111.834008 30.775768,111.832682 30.775462,111.831706 30.775221,111.830773 30.774974,111.829169 30.774513,111.827522 30.773987,111.826299 30.773574,111.824593 30.772946,111.823992 30.772705,111.823059 30.772330,111.820961 30.771407,111.818848 30.770393,111.818022 30.769991,111.816123 30.769122,111.813918 30.768178,111.812577 30.767625,111.811643 30.767266,111.810495 30.766836,111.809390 30.766445,111.806992 30.765635,111.805297 30.765114,111.803130 30.764503,111.802095 30.764235,111.800233 30.763779,111.798404 30.763366,111.797181 30.763108,111.796875 30.763049,111.794466 30.762604,111.791473 30.762153,111.790427 30.762014,111.788136 30.761762,111.787691 30.761719,111.786093 30.761585,111.784483 30.761477,111.781999 30.761359,111.780213 30.761311,111.778234 30.761311,111.776179 30.761343,111.774902 30.761397,111.773647 30.761456,111.771668 30.761585,111.770085 30.761719,111.769795 30.761746)	2
5127156839632338957	G42沪蓉高速	301	41000	0	LINESTRING(111.748547 30.761751,111.746230 30.761933,111.745409 30.761971)	2
5127156839632339001	G42沪蓉高速	20	41000	0	LINESTRING(111.737292 30.761815,111.737078 30.761794)	2
5127159798864805908	G42沪蓉高速	216	41000	0	LINESTRING(111.852145 30.778413,111.851399 30.778295,111.849913 30.778096)	2
5127158261266513968	G42沪蓉高速	342	41000	0	LINESTRING(111.670344 30.750362,111.668612 30.750362,111.666772 30.750287)	2
5127158080877887490	王畈高架桥	416	41000	3	LINESTRING(111.581563 30.739585,111.581011 30.739413,111.578999 30.738700,111.577545 30.738164)	2
5127158244086644752	G42沪蓉高速	52	41000	0	LINESTRING(111.631184 30.747755,111.630659 30.747616)	2
5127158248381612045	焦河中桥	62	41000	3	LINESTRING(111.645749 30.749831,111.646403 30.749858)	0
5127158248381612049	严河中桥	61	41000	3	LINESTRING(111.650662 30.749965,111.650024 30.749981)	2
5127158256971546626	G42沪蓉高速	3075	41000	0	LINESTRING(111.706924 30.752240,111.708963 30.752884,111.708984 30.752889,111.709591 30.753098,111.711119 30.753661,111.713153 30.754455,111.714343 30.754965,111.715497 30.755480,111.718388 30.756837,111.719381 30.757277,111.720126 30.757588,111.721473 30.758119,111.723559 30.758865,111.724525 30.759176,111.726231 30.759702,111.727518 30.760045,111.728972 30.760399,111.730474 30.760726,111.730957 30.760823,111.731274 30.760887,111.732250 30.761070,111.733435 30.761257,111.734642 30.761429,111.735377 30.761520,111.736906 30.761681)	0
5127158256971546629	G42沪蓉高速	202	41000	0	LINESTRING(111.702558 30.751156,111.702257 30.751086,111.700793 30.750765,111.700637 30.750732,111.700509 30.750706)	2
5127159798864805907	G42沪蓉高速	215	41000	0	LINESTRING(111.849945 30.777994,111.851431 30.778198,111.852171 30.778311)	0
5127158055108083726	G42沪蓉高速	525	41000	0	LINESTRING(111.597582 30.742632,111.596541 30.742477,111.595532 30.742353,111.593129 30.742090,111.592147 30.741962)	2
5127158244086644751	G42沪蓉高速	6	41000	0	LINESTRING(111.630659 30.747616,111.630599 30.747605)	2
5127159777389969424	G42沪蓉高速	29	41000	0	LINESTRING(111.881526 30.790038,111.881762 30.790209)	0
5127159798864805932	G42沪蓉高速	59	41000	0	LINESTRING(111.846641 30.777565,111.847258 30.777646)	0
5127158067992985606	G42沪蓉高速	403	41000	0	LINESTRING(111.573812 30.736447,111.575378 30.737160,111.577148 30.737895,111.577583 30.738067)	0
5127158080877887501	王畈高架桥	415	41000	3	LINESTRING(111.577583 30.738067,111.578967 30.738587,111.580979 30.739285,111.581601 30.739483)	0
5127158248381612047	焦河中桥	61	41000	3	LINESTRING(111.646269 30.749955,111.645625 30.749922)	2
5127158321396056098	G42沪蓉高速	6721	41000	0	LINESTRING(111.769785 30.761649,111.770954 30.761536,111.773341 30.761370,111.774902 30.761290,111.775144 30.761279,111.776174 30.761247,111.778384 30.761204,111.780197 30.761220,111.782005 30.761257,111.784719 30.761386,111.786093 30.761483,111.787777 30.761628,111.788614 30.761719,111.789992 30.761864,111.792439 30.762196,111.795099 30.762625,111.796875 30.762958,111.798103 30.763205,111.799922 30.763602,111.801821 30.764058,111.803221 30.764422,111.805335 30.765029,111.808076 30.765892,111.809819 30.766493,111.811767 30.767207,111.813784 30.768006,111.815597 30.768773,111.816868 30.769342,111.818456 30.770087,111.818848 30.770280,111.820366 30.771026,111.821369 30.771487,111.823316 30.772324,111.824271 30.772705,111.825210 30.773070,111.826417 30.773504,111.827774 30.773971,111.828884 30.774325,111.829893 30.774620,111.831132 30.774969,111.832495 30.775312,111.834093 30.775682,111.834732 30.775816,111.835375 30.775951,111.836797 30.776213)	0
5127156839632338998	G42沪蓉高速	57	41000	0	LINESTRING(111.737893 30.761858,111.737292 30.761815)	2
5127158244086644750	G42沪蓉高速	52	41000	0	LINESTRING(111.630707 30.747519,111.631227 30.747653)	0
5127158265561481216	G42沪蓉高速	263	41000	0	LINESTRING(111.695965 30.749831,111.697108 30.749997,111.698674 30.750260)	0
5127159798864806149	G42沪蓉高速	290	41000	0	LINESTRING(111.859676 30.780001,111.858469 30.779690,111.856758 30.779287)	2
5127158055108083732	G42沪蓉高速	187	41000	3	LINESTRING(111.589476 30.741527,111.589154 30.741468,111.588194 30.741280,111.587561 30.741146)	2
5127159777389969428	G42沪蓉高速	30	41000	0	LINESTRING(111.882797 30.790971,111.883038 30.791148)	0
5127159777389969431	G42沪蓉高速	345	41000	0	LINESTRING(111.883038 30.791148,111.884379 30.792130,111.884766 30.792403,111.885812 30.793138)	0
5127156839632338960	G42沪蓉高速	252	41000	0	LINESTRING(111.742861 30.761949,111.744202 30.761923,111.745495 30.761869)	0
5127156852517240837	G42沪蓉高速	180	41000	3	LINESTRING(111.767907 30.761794,111.768926 30.761719,111.769785 30.761649)	0
5127158248381612167	G42沪蓉高速	65	41000	0	LINESTRING(111.651950 30.749847,111.652631 30.749820)	0
5127158256971546625	G42沪蓉高速	284	41000	0	LINESTRING(111.704103 30.751441,111.705793 30.751902,111.706924 30.752240)	0
5127158261266513926	G42沪蓉高速	221	41000	0	LINESTRING(111.665833 30.750223,111.665039 30.750153,111.663526 30.750008)	2
5127159798864805910	G42沪蓉高速	346	41000	0	LINESTRING(111.852171 30.778311,111.853641 30.778558,111.855712 30.778960)	0
5127158244086644761	G42沪蓉高速	231	41000	0	LINESTRING(111.627869 30.746902,111.629484 30.747229,111.630219 30.747401)	0
5127158248381612041	G42沪蓉高速	121	41000	0	LINESTRING(111.658151 30.749622,111.658269 30.749627,111.658784 30.749633,111.659423 30.749649)	0
5127158059403051022	G42沪蓉高速	2719	41000	0	LINESTRING(111.599942 30.742943,111.601278 30.743228,111.602774 30.743576,111.604834 30.744118,111.606824 30.744585,111.608729 30.744971,111.609904 30.745180,111.611041 30.745352,111.612613 30.745572,111.613466 30.745674,111.614635 30.745792,111.615885 30.745899,111.616985 30.745969,111.619077 30.746060,111.620986 30.746108,111.621094 30.746114,111.623009 30.746242,111.624436 30.746377,111.627059 30.746757,111.627869 30.746902)	0
5127158055108083733	G42沪蓉高速	205	41000	0	LINESTRING(111.589492 30.741436,111.590098 30.741543,111.591150 30.741715,111.591600 30.741779)	0
5127159777389969427	G42沪蓉高速	130	41000	0	LINESTRING(111.881762 30.790209,111.882797 30.790971)	0
5127158248381612052	G42沪蓉高速	188	41000	0	LINESTRING(111.650662 30.749885,111.652631 30.749820)	0
5127159824634609667	G42沪蓉高速	330	41000	0	LINESTRING(111.885688 30.793176,111.884766 30.792537,111.884294 30.792199,111.883028 30.791271)	2
5127159777389969429	G42沪蓉高速	143	41000	0	LINESTRING(111.882781 30.791089,111.881638 30.790252)	2
5127159824634609666	G42沪蓉高速	33	41000	0	LINESTRING(111.885812 30.793138,111.886085 30.793326)	0
5127159777389969430	G42沪蓉高速	31	41000	0	LINESTRING(111.883028 30.791271,111.882781 30.791089)	2
5127159824634609668	G42沪蓉高速	28	41000	0	LINESTRING(111.885924 30.793337,111.885688 30.793176)	2
5127156839632338985	G42沪蓉高速	352	41000	0	LINESTRING(111.737754 30.761756,111.739765 30.761885,111.741428 30.761933)	0
5127159798864806029	G42沪蓉高速	397	41000	0	LINESTRING(111.859676 30.780001,111.858469 30.779690,111.856463 30.779223,111.855669 30.779051)	2
